    0.000000        0.0000127751        0.0000127751        0.0000000000      896.5007922613     1559.8076477243     1559.8076477241
    0.002375       17.0109571338       10.3520599030        0.9843475884      896.4820853617     1559.8461275859     1559.7583756832
    0.004751       33.5849839599       19.9867916050        1.9829900278      896.4259378713     1559.9707209093     1559.6199922551
    0.007126       50.2479598001       29.7823969253        3.0098667343      896.3322694591     1560.1775918014     1559.3894644619
    0.009501        0.0000000000        0.0000000000        0.0000000000        0.0000000000        0.0000000000        0.0000000000
    0.011876        0.0000000000        0.0000000000        0.0000000000        0.0000000000        0.0000000000        0.0000000000
    0.014252        0.0000000000        0.0000000000        0.0000000000        0.0000000000        0.0000000000        0.0000000000
    0.016627        0.0000000000        0.0000000000        0.0000000000        0.0000000000        0.0000000000        0.0000000000
    0.019002        0.0000000000        0.0000000000        0.0000000000        0.0000000000        0.0000000000        0.0000000000
    0.021378        0.0000000000        0.0000000000        0.0000000000        0.0000000000        0.0000000000        0.0000000000
    0.023753        0.0000000000        0.0000000000        0.0000000000        0.0000000000        0.0000000000        0.0000000000
    0.026128        0.0000000000        0.0000000000        0.0000000000        0.0000000000        0.0000000000        0.0000000000
    0.028503        0.0000000000        0.0000000000        0.0000000000        0.0000000000        0.0000000000        0.0000000000
    0.030879        0.0000000000        0.0000000000        0.0000000000        0.0000000000        0.0000000000        0.0000000000
    0.033254        0.0000000000        0.0000000000        0.0000000000        0.0000000000        0.0000000000        0.0000000000
    0.035629        0.0000000000        0.0000000000        0.0000000000        0.0000000000        0.0000000000        0.0000000000
    0.038005        0.0000000000        0.0000000000        0.0000000000        0.0000000000        0.0000000000        0.0000000000
    0.040380        0.0000000000        0.0000000000        0.0000000000        0.0000000000        0.0000000000        0.0000000000
    0.042755        0.0000000000        0.0000000000        0.0000000000        0.0000000000        0.0000000000        0.0000000000
    0.045130        0.0000000000        0.0000000000        0.0000000000        0.0000000000        0.0000000000        0.0000000000
    0.047506        0.0000000000        0.0000000000        0.0000000000        0.0000000000        0.0000000000        0.0000000000
    0.049881        0.0000000000        0.0000000000        0.0000000000        0.0000000000        0.0000000000        0.0000000000
    0.052256        0.0000000000        0.0000000000        0.0000000000        0.0000000000        0.0000000000        0.0000000000
    0.054632        0.0000000000        0.0000000000        0.0000000000        0.0000000000        0.0000000000        0.0000000000
    0.057007        0.0000000000        0.0000000000        0.0000000000        0.0000000000        0.0000000000        0.0000000000
    0.059382        0.0000000000        0.0000000000        0.0000000000        0.0000000000        0.0000000000        0.0000000000
    0.061757        0.0000000000        0.0000000000        0.0000000000        0.0000000000        0.0000000000        0.0000000000
    0.064133        0.0000000000        0.0000000000        0.0000000000        0.0000000000        0.0000000000        0.0000000000
    0.066508        0.0000000000        0.0000000000        0.0000000000        0.0000000000        0.0000000000        0.0000000000
    0.068883        0.0000000000        0.0000000000        0.0000000000        0.0000000000        0.0000000000        0.0000000000
    0.071259        0.0000000000        0.0000000000        0.0000000000        0.0000000000        0.0000000000        0.0000000000
    0.073634        0.0000000000        0.0000000000        0.0000000000        0.0000000000        0.0000000000        0.0000000000
    0.076009        0.0000000000        0.0000000000        0.0000000000        0.0000000000        0.0000000000        0.0000000000
    0.078384        0.0000000000        0.0000000000        0.0000000000        0.0000000000        0.0000000000        0.0000000000
    0.080760        0.0000000000        0.0000000000        0.0000000000        0.0000000000        0.0000000000        0.0000000000
    0.083135        0.0000000000        0.0000000000        0.0000000000        0.0000000000        0.0000000000        0.0000000000
    0.085510        0.0000000000        0.0000000000        0.0000000000        0.0000000000        0.0000000000        0.0000000000
    0.087886        0.0000000000        0.0000000000        0.0000000000        0.0000000000        0.0000000000        0.0000000000
    0.090261        0.0000000000        0.0000000000        0.0000000000        0.0000000000        0.0000000000        0.0000000000
    0.092636        0.0000000000        0.0000000000        0.0000000000        0.0000000000        0.0000000000        0.0000000000
    0.095011        0.0000000000        0.0000000000        0.0000000000        0.0000000000        0.0000000000        0.0000000000
    0.097387        0.0000000000        0.0000000000        0.0000000000        0.0000000000        0.0000000000        0.0000000000
    0.099762        0.0000000000        0.0000000000        0.0000000000        0.0000000000        0.0000000000        0.0000000000
    0.102137        0.0000000000        0.0000000000        0.0000000000        0.0000000000        0.0000000000        0.0000000000
    0.104513        0.0000000000        0.0000000000        0.0000000000        0.0000000000        0.0000000000        0.0000000000
    0.106888        0.0000000000        0.0000000000        0.0000000000        0.0000000000        0.0000000000        0.0000000000
    0.109263        0.0000000000        0.0000000000        0.0000000000        0.0000000000        0.0000000000        0.0000000000
    0.111638        0.0000000000        0.0000000000        0.0000000000        0.0000000000        0.0000000000        0.0000000000
    0.114014        0.0000000000        0.0000000000        0.0000000000        0.0000000000        0.0000000000        0.0000000000
    0.116389        0.0000000000        0.0000000000        0.0000000000        0.0000000000        0.0000000000        0.0000000000
    0.118764        0.0000000000        0.0000000000        0.0000000000        0.0000000000        0.0000000000        0.0000000000
    0.121140        0.0000000000        0.0000000000        0.0000000000        0.0000000000        0.0000000000        0.0000000000
    0.123515        0.0000000000        0.0000000000        0.0000000000        0.0000000000        0.0000000000        0.0000000000
    0.125890        0.0000000000        0.0000000000        0.0000000000        0.0000000000        0.0000000000        0.0000000000
    0.128265        0.0000000000        0.0000000000        0.0000000000        0.0000000000        0.0000000000        0.0000000000
    0.130641        0.0000000000        0.0000000000        0.0000000000        0.0000000000        0.0000000000        0.0000000000
    0.133016        0.0000000000        0.0000000000        0.0000000000        0.0000000000        0.0000000000        0.0000000000
    0.135391        0.0000000000        0.0000000000        0.0000000000        0.0000000000        0.0000000000        0.0000000000
    0.137767        0.0000000000        0.0000000000        0.0000000000        0.0000000000        0.0000000000        0.0000000000
    0.140142        0.0000000000        0.0000000000        0.0000000000        0.0000000000        0.0000000000        0.0000000000
    0.142517        0.0000000000        0.0000000000        0.0000000000        0.0000000000        0.0000000000        0.0000000000
    0.144892        0.0000000000        0.0000000000        0.0000000000        0.0000000000        0.0000000000        0.0000000000
    0.147268        0.0000000000        0.0000000000        0.0000000000        0.0000000000        0.0000000000        0.0000000000
    0.149643        0.0000000000        0.0000000000        0.0000000000        0.0000000000        0.0000000000        0.0000000000
    0.152018        0.0000000000        0.0000000000        0.0000000000        0.0000000000        0.0000000000        0.0000000000
    0.154394        0.0000000000        0.0000000000        0.0000000000        0.0000000000        0.0000000000        0.0000000000
    0.156769        0.0000000000        0.0000000000        0.0000000000        0.0000000000        0.0000000000        0.0000000000
    0.159144        0.0000000000        0.0000000000        0.0000000000        0.0000000000        0.0000000000        0.0000000000
    0.161519        0.0000000000        0.0000000000        0.0000000000        0.0000000000        0.0000000000        0.0000000000
    0.163895        0.0000000000        0.0000000000        0.0000000000        0.0000000000        0.0000000000        0.0000000000
    0.166270        0.0000000000        0.0000000000        0.0000000000        0.0000000000        0.0000000000        0.0000000000
    0.168645        0.0000000000        0.0000000000        0.0000000000        0.0000000000        0.0000000000        0.0000000000
    0.171021        0.0000000000        0.0000000000        0.0000000000        0.0000000000        0.0000000000        0.0000000000
    0.173396        0.0000000000        0.0000000000        0.0000000000        0.0000000000        0.0000000000        0.0000000000
    0.175771        0.0000000000        0.0000000000        0.0000000000        0.0000000000        0.0000000000        0.0000000000
    0.178146        0.0000000000        0.0000000000        0.0000000000        0.0000000000        0.0000000000        0.0000000000
    0.180522        0.0000000000        0.0000000000        0.0000000000        0.0000000000        0.0000000000        0.0000000000
    0.182897        0.0000000000        0.0000000000        0.0000000000        0.0000000000        0.0000000000        0.0000000000
    0.185272        0.0000000000        0.0000000000        0.0000000000        0.0000000000        0.0000000000        0.0000000000
    0.187648        0.0000000000        0.0000000000        0.0000000000        0.0000000000        0.0000000000        0.0000000000
    0.190023        0.0000000000        0.0000000000        0.0000000000        0.0000000000        0.0000000000        0.0000000000
    0.192398        0.0000000000        0.0000000000        0.0000000000        0.0000000000        0.0000000000        0.0000000000
    0.194773        0.0000000000        0.0000000000        0.0000000000        0.0000000000        0.0000000000        0.0000000000
    0.197149        0.0000000000        0.0000000000        0.0000000000        0.0000000000        0.0000000000        0.0000000000
    0.199524        0.0000000000        0.0000000000        0.0000000000        0.0000000000        0.0000000000        0.0000000000
    0.201899        0.0000000000        0.0000000000        0.0000000000        0.0000000000        0.0000000000        0.0000000000
    0.204275        0.0000000000        0.0000000000        0.0000000000        0.0000000000        0.0000000000        0.0000000000
    0.206650        0.0000000000        0.0000000000        0.0000000000        0.0000000000        0.0000000000        0.0000000000
    0.209025        0.0000000000        0.0000000000        0.0000000000        0.0000000000        0.0000000000        0.0000000000
    0.211400        0.0000000000        0.0000000000        0.0000000000        0.0000000000        0.0000000000        0.0000000000
    0.213776        0.0000000000        0.0000000000        0.0000000000        0.0000000000        0.0000000000        0.0000000000
    0.216151        0.0000000000        0.0000000000        0.0000000000        0.0000000000        0.0000000000        0.0000000000
    0.218526        0.0000000000        0.0000000000        0.0000000000        0.0000000000        0.0000000000        0.0000000000
    0.220902        0.0000000000        0.0000000000        0.0000000000        0.0000000000        0.0000000000        0.0000000000
    0.223277        0.0000000000        0.0000000000        0.0000000000        0.0000000000        0.0000000000        0.0000000000
    0.225652        0.0000000000        0.0000000000        0.0000000000        0.0000000000        0.0000000000        0.0000000000
    0.228027        0.0000000000        0.0000000000        0.0000000000        0.0000000000        0.0000000000        0.0000000000
    0.230403        0.0000000000        0.0000000000        0.0000000000        0.0000000000        0.0000000000        0.0000000000
    0.232778        0.0000000000        0.0000000000        0.0000000000        0.0000000000        0.0000000000        0.0000000000
    0.235153        0.0000000000        0.0000000000        0.0000000000        0.0000000000        0.0000000000        0.0000000000
    0.237529        0.0000000000        0.0000000000        0.0000000000        0.0000000000        0.0000000000        0.0000000000
    0.239904        0.0000000000        0.0000000000        0.0000000000        0.0000000000        0.0000000000        0.0000000000
    0.242279        0.0000000000        0.0000000000        0.0000000000        0.0000000000        0.0000000000        0.0000000000
    0.244654        0.0000000000        0.0000000000        0.0000000000        0.0000000000        0.0000000000        0.0000000000
    0.247030        0.0000000000        0.0000000000        0.0000000000        0.0000000000        0.0000000000        0.0000000000
    0.249405        0.0000000000        0.0000000000        0.0000000000        0.0000000000        0.0000000000        0.0000000000
    0.251780        0.0000000000        0.0000000000        0.0000000000        0.0000000000        0.0000000000        0.0000000000
    0.254156        0.0000000000        0.0000000000        0.0000000000        0.0000000000        0.0000000000        0.0000000000
    0.256531        0.0000000000        0.0000000000        0.0000000000        0.0000000000        0.0000000000        0.0000000000
    0.258906        0.0000000000        0.0000000000        0.0000000000        0.0000000000        0.0000000000        0.0000000000
    0.261281        0.0000000000        0.0000000000        0.0000000000        0.0000000000        0.0000000000        0.0000000000
    0.263657        0.0000000000        0.0000000000        0.0000000000        0.0000000000        0.0000000000        0.0000000000
    0.266032        0.0000000000        0.0000000000        0.0000000000        0.0000000000        0.0000000000        0.0000000000
    0.268407        0.0000000000        0.0000000000        0.0000000000        0.0000000000        0.0000000000        0.0000000000
    0.270783        0.0000000000        0.0000000000        0.0000000000        0.0000000000        0.0000000000        0.0000000000
    0.270783      548.2322552249      548.2322552155      987.3530755455     1204.9255943847     1204.9255943760     1327.2889555096
    0.273117      552.2648805257      544.2053082065      987.4112334448     1208.6911075041     1201.1649968045     1327.2814159599
    0.275451      556.1999286468      540.2896042749      986.3884882754     1212.4146907738     1198.2968656115     1327.3924989752
    0.277786      560.0390235397      536.4867936539      984.6465898403     1216.1193841588     1196.0545998898     1327.5788261129
    0.280120        0.0000000000        0.0000000000        0.0000000000        0.0000000000        0.0000000000        0.0000000000
    0.282454        0.0000000000        0.0000000000        0.0000000000        0.0000000000        0.0000000000        0.0000000000
    0.284789        0.0000000000        0.0000000000        0.0000000000        0.0000000000        0.0000000000        0.0000000000
    0.287123        0.0000000000        0.0000000000        0.0000000000        0.0000000000        0.0000000000        0.0000000000
    0.289457        0.0000000000        0.0000000000        0.0000000000        0.0000000000        0.0000000000        0.0000000000
    0.291792        0.0000000000        0.0000000000        0.0000000000        0.0000000000        0.0000000000        0.0000000000
    0.294126        0.0000000000        0.0000000000        0.0000000000        0.0000000000        0.0000000000        0.0000000000
    0.296460        0.0000000000        0.0000000000        0.0000000000        0.0000000000        0.0000000000        0.0000000000
    0.298795        0.0000000000        0.0000000000        0.0000000000        0.0000000000        0.0000000000        0.0000000000
    0.301129        0.0000000000        0.0000000000        0.0000000000        0.0000000000        0.0000000000        0.0000000000
    0.303463        0.0000000000        0.0000000000        0.0000000000        0.0000000000        0.0000000000        0.0000000000
    0.305798        0.0000000000        0.0000000000        0.0000000000        0.0000000000        0.0000000000        0.0000000000
    0.308132        0.0000000000        0.0000000000        0.0000000000        0.0000000000        0.0000000000        0.0000000000
    0.310466        0.0000000000        0.0000000000        0.0000000000        0.0000000000        0.0000000000        0.0000000000
    0.312801        0.0000000000        0.0000000000        0.0000000000        0.0000000000        0.0000000000        0.0000000000
    0.315135        0.0000000000        0.0000000000        0.0000000000        0.0000000000        0.0000000000        0.0000000000
    0.317469        0.0000000000        0.0000000000        0.0000000000        0.0000000000        0.0000000000        0.0000000000
    0.319804        0.0000000000        0.0000000000        0.0000000000        0.0000000000        0.0000000000        0.0000000000
    0.322138        0.0000000000        0.0000000000        0.0000000000        0.0000000000        0.0000000000        0.0000000000
    0.324472        0.0000000000        0.0000000000        0.0000000000        0.0000000000        0.0000000000        0.0000000000
    0.326807        0.0000000000        0.0000000000        0.0000000000        0.0000000000        0.0000000000        0.0000000000
    0.329141        0.0000000000        0.0000000000        0.0000000000        0.0000000000        0.0000000000        0.0000000000
    0.331475        0.0000000000        0.0000000000        0.0000000000        0.0000000000        0.0000000000        0.0000000000
    0.333810        0.0000000000        0.0000000000        0.0000000000        0.0000000000        0.0000000000        0.0000000000
    0.336144        0.0000000000        0.0000000000        0.0000000000        0.0000000000        0.0000000000        0.0000000000
    0.338478        0.0000000000        0.0000000000        0.0000000000        0.0000000000        0.0000000000        0.0000000000
    0.340813        0.0000000000        0.0000000000        0.0000000000        0.0000000000        0.0000000000        0.0000000000
    0.343147        0.0000000000        0.0000000000        0.0000000000        0.0000000000        0.0000000000        0.0000000000
    0.345481        0.0000000000        0.0000000000        0.0000000000        0.0000000000        0.0000000000        0.0000000000
    0.347816        0.0000000000        0.0000000000        0.0000000000        0.0000000000        0.0000000000        0.0000000000
    0.350150        0.0000000000        0.0000000000        0.0000000000        0.0000000000        0.0000000000        0.0000000000
    0.352484        0.0000000000        0.0000000000        0.0000000000        0.0000000000        0.0000000000        0.0000000000
    0.354819        0.0000000000        0.0000000000        0.0000000000        0.0000000000        0.0000000000        0.0000000000
    0.357153        0.0000000000        0.0000000000        0.0000000000        0.0000000000        0.0000000000        0.0000000000
    0.359487        0.0000000000        0.0000000000        0.0000000000        0.0000000000        0.0000000000        0.0000000000
    0.361822        0.0000000000        0.0000000000        0.0000000000        0.0000000000        0.0000000000        0.0000000000
    0.364156        0.0000000000        0.0000000000        0.0000000000        0.0000000000        0.0000000000        0.0000000000
    0.366490        0.0000000000        0.0000000000        0.0000000000        0.0000000000        0.0000000000        0.0000000000
    0.368825        0.0000000000        0.0000000000        0.0000000000        0.0000000000        0.0000000000        0.0000000000
    0.371159        0.0000000000        0.0000000000        0.0000000000        0.0000000000        0.0000000000        0.0000000000
    0.373493        0.0000000000        0.0000000000        0.0000000000        0.0000000000        0.0000000000        0.0000000000
    0.375828        0.0000000000        0.0000000000        0.0000000000        0.0000000000        0.0000000000        0.0000000000
    0.378162        0.0000000000        0.0000000000        0.0000000000        0.0000000000        0.0000000000        0.0000000000
    0.380496        0.0000000000        0.0000000000        0.0000000000        0.0000000000        0.0000000000        0.0000000000
    0.382831        0.0000000000        0.0000000000        0.0000000000        0.0000000000        0.0000000000        0.0000000000
    0.385165        0.0000000000        0.0000000000        0.0000000000        0.0000000000        0.0000000000        0.0000000000
    0.387499        0.0000000000        0.0000000000        0.0000000000        0.0000000000        0.0000000000        0.0000000000
    0.389834        0.0000000000        0.0000000000        0.0000000000        0.0000000000        0.0000000000        0.0000000000
    0.392168        0.0000000000        0.0000000000        0.0000000000        0.0000000000        0.0000000000        0.0000000000
    0.394502        0.0000000000        0.0000000000        0.0000000000        0.0000000000        0.0000000000        0.0000000000
    0.396837        0.0000000000        0.0000000000        0.0000000000        0.0000000000        0.0000000000        0.0000000000
    0.399171        0.0000000000        0.0000000000        0.0000000000        0.0000000000        0.0000000000        0.0000000000
    0.401505        0.0000000000        0.0000000000        0.0000000000        0.0000000000        0.0000000000        0.0000000000
    0.403840        0.0000000000        0.0000000000        0.0000000000        0.0000000000        0.0000000000        0.0000000000
    0.406174        0.0000000000        0.0000000000        0.0000000000        0.0000000000        0.0000000000        0.0000000000
    0.406174      480.5250899793      623.0342880162      646.2949246872     1326.7498865790     1337.5801660859     1389.2458237201
    0.408519      480.4191290290      623.0078085009      646.4083404292     1326.8606967152     1337.4134940540     1389.2617599532
    0.410864      479.3185335511      622.8901900957      647.3286128520     1315.6057480400     1348.3174934505     1389.3266968489
    0.413209      477.5092905463      622.6933286792      648.8367293667     1307.0399420296     1356.3425305122     1389.4353155154
    0.415554        0.0000000000        0.0000000000        0.0000000000        0.0000000000        0.0000000000        0.0000000000
    0.417899        0.0000000000        0.0000000000        0.0000000000        0.0000000000        0.0000000000        0.0000000000
    0.420244        0.0000000000        0.0000000000        0.0000000000        0.0000000000        0.0000000000        0.0000000000
    0.422589        0.0000000000        0.0000000000        0.0000000000        0.0000000000        0.0000000000        0.0000000000
    0.424934        0.0000000000        0.0000000000        0.0000000000        0.0000000000        0.0000000000        0.0000000000
    0.427279        0.0000000000        0.0000000000        0.0000000000        0.0000000000        0.0000000000        0.0000000000
    0.429624        0.0000000000        0.0000000000        0.0000000000        0.0000000000        0.0000000000        0.0000000000
    0.431969        0.0000000000        0.0000000000        0.0000000000        0.0000000000        0.0000000000        0.0000000000
    0.434314        0.0000000000        0.0000000000        0.0000000000        0.0000000000        0.0000000000        0.0000000000
    0.436659        0.0000000000        0.0000000000        0.0000000000        0.0000000000        0.0000000000        0.0000000000
    0.439004        0.0000000000        0.0000000000        0.0000000000        0.0000000000        0.0000000000        0.0000000000
    0.441350        0.0000000000        0.0000000000        0.0000000000        0.0000000000        0.0000000000        0.0000000000
    0.443695        0.0000000000        0.0000000000        0.0000000000        0.0000000000        0.0000000000        0.0000000000
    0.446040        0.0000000000        0.0000000000        0.0000000000        0.0000000000        0.0000000000        0.0000000000
    0.448385        0.0000000000        0.0000000000        0.0000000000        0.0000000000        0.0000000000        0.0000000000
    0.450730        0.0000000000        0.0000000000        0.0000000000        0.0000000000        0.0000000000        0.0000000000
    0.453075        0.0000000000        0.0000000000        0.0000000000        0.0000000000        0.0000000000        0.0000000000
    0.455420        0.0000000000        0.0000000000        0.0000000000        0.0000000000        0.0000000000        0.0000000000
    0.457765        0.0000000000        0.0000000000        0.0000000000        0.0000000000        0.0000000000        0.0000000000
    0.460110        0.0000000000        0.0000000000        0.0000000000        0.0000000000        0.0000000000        0.0000000000
    0.462455        0.0000000000        0.0000000000        0.0000000000        0.0000000000        0.0000000000        0.0000000000
    0.464800        0.0000000000        0.0000000000        0.0000000000        0.0000000000        0.0000000000        0.0000000000
    0.467145        0.0000000000        0.0000000000        0.0000000000        0.0000000000        0.0000000000        0.0000000000
    0.469490        0.0000000000        0.0000000000        0.0000000000        0.0000000000        0.0000000000        0.0000000000
    0.471835        0.0000000000        0.0000000000        0.0000000000        0.0000000000        0.0000000000        0.0000000000
    0.474180        0.0000000000        0.0000000000        0.0000000000        0.0000000000        0.0000000000        0.0000000000
    0.476525        0.0000000000        0.0000000000        0.0000000000        0.0000000000        0.0000000000        0.0000000000
    0.478870        0.0000000000        0.0000000000        0.0000000000        0.0000000000        0.0000000000        0.0000000000
    0.481215        0.0000000000        0.0000000000        0.0000000000        0.0000000000        0.0000000000        0.0000000000
    0.483560        0.0000000000        0.0000000000        0.0000000000        0.0000000000        0.0000000000        0.0000000000
    0.485905        0.0000000000        0.0000000000        0.0000000000        0.0000000000        0.0000000000        0.0000000000
    0.488250        0.0000000000        0.0000000000        0.0000000000        0.0000000000        0.0000000000        0.0000000000
    0.490595        0.0000000000        0.0000000000        0.0000000000        0.0000000000        0.0000000000        0.0000000000
    0.492941        0.0000000000        0.0000000000        0.0000000000        0.0000000000        0.0000000000        0.0000000000
    0.495286        0.0000000000        0.0000000000        0.0000000000        0.0000000000        0.0000000000        0.0000000000
    0.497631        0.0000000000        0.0000000000        0.0000000000        0.0000000000        0.0000000000        0.0000000000
    0.499976        0.0000000000        0.0000000000        0.0000000000        0.0000000000        0.0000000000        0.0000000000
    0.502321        0.0000000000        0.0000000000        0.0000000000        0.0000000000        0.0000000000        0.0000000000
    0.504666        0.0000000000        0.0000000000        0.0000000000        0.0000000000        0.0000000000        0.0000000000
    0.507011        0.0000000000        0.0000000000        0.0000000000        0.0000000000        0.0000000000        0.0000000000
    0.509356        0.0000000000        0.0000000000        0.0000000000        0.0000000000        0.0000000000        0.0000000000
    0.511701        0.0000000000        0.0000000000        0.0000000000        0.0000000000        0.0000000000        0.0000000000
    0.514046        0.0000000000        0.0000000000        0.0000000000        0.0000000000        0.0000000000        0.0000000000
    0.516391        0.0000000000        0.0000000000        0.0000000000        0.0000000000        0.0000000000        0.0000000000
    0.518736        0.0000000000        0.0000000000        0.0000000000        0.0000000000        0.0000000000        0.0000000000
    0.521081        0.0000000000        0.0000000000        0.0000000000        0.0000000000        0.0000000000        0.0000000000
    0.523426        0.0000000000        0.0000000000        0.0000000000        0.0000000000        0.0000000000        0.0000000000
    0.525771        0.0000000000        0.0000000000        0.0000000000        0.0000000000        0.0000000000        0.0000000000
    0.528116        0.0000000000        0.0000000000        0.0000000000        0.0000000000        0.0000000000        0.0000000000
    0.530461        0.0000000000        0.0000000000        0.0000000000        0.0000000000        0.0000000000        0.0000000000
    0.532806        0.0000000000        0.0000000000        0.0000000000        0.0000000000        0.0000000000        0.0000000000
    0.535151        0.0000000000        0.0000000000        0.0000000000        0.0000000000        0.0000000000        0.0000000000
    0.537496        0.0000000000        0.0000000000        0.0000000000        0.0000000000        0.0000000000        0.0000000000
    0.539841        0.0000000000        0.0000000000        0.0000000000        0.0000000000        0.0000000000        0.0000000000
    0.542186        0.0000000000        0.0000000000        0.0000000000        0.0000000000        0.0000000000        0.0000000000
    0.544532        0.0000000000        0.0000000000        0.0000000000        0.0000000000        0.0000000000        0.0000000000
    0.546877        0.0000000000        0.0000000000        0.0000000000        0.0000000000        0.0000000000        0.0000000000
    0.549222        0.0000000000        0.0000000000        0.0000000000        0.0000000000        0.0000000000        0.0000000000
    0.551567        0.0000000000        0.0000000000        0.0000000000        0.0000000000        0.0000000000        0.0000000000
    0.553912        0.0000000000        0.0000000000        0.0000000000        0.0000000000        0.0000000000        0.0000000000
    0.556257        0.0000000000        0.0000000000        0.0000000000        0.0000000000        0.0000000000        0.0000000000
    0.558602        0.0000000000        0.0000000000        0.0000000000        0.0000000000        0.0000000000        0.0000000000
    0.560947        0.0000000000        0.0000000000        0.0000000000        0.0000000000        0.0000000000        0.0000000000
    0.563292        0.0000000000        0.0000000000        0.0000000000        0.0000000000        0.0000000000        0.0000000000
    0.565637        0.0000000000        0.0000000000        0.0000000000        0.0000000000        0.0000000000        0.0000000000
    0.567982        0.0000000000        0.0000000000        0.0000000000        0.0000000000        0.0000000000        0.0000000000
    0.570327        0.0000000000        0.0000000000        0.0000000000        0.0000000000        0.0000000000        0.0000000000
    0.572672        0.0000000000        0.0000000000        0.0000000000        0.0000000000        0.0000000000        0.0000000000
    0.575017        0.0000000000        0.0000000000        0.0000000000        0.0000000000        0.0000000000        0.0000000000
    0.577362        0.0000000000        0.0000000000        0.0000000000        0.0000000000        0.0000000000        0.0000000000
    0.579707        0.0000000000        0.0000000000        0.0000000000        0.0000000000        0.0000000000        0.0000000000
    0.582052        0.0000000000        0.0000000000        0.0000000000        0.0000000000        0.0000000000        0.0000000000
    0.584397        0.0000000000        0.0000000000        0.0000000000        0.0000000000        0.0000000000        0.0000000000
    0.586742        0.0000000000        0.0000000000        0.0000000000        0.0000000000        0.0000000000        0.0000000000
    0.589087        0.0000000000        0.0000000000        0.0000000000        0.0000000000        0.0000000000        0.0000000000
    0.591432        0.0000000000        0.0000000000        0.0000000000        0.0000000000        0.0000000000        0.0000000000
    0.593778        0.0000000000        0.0000000000        0.0000000000        0.0000000000        0.0000000000        0.0000000000
    0.596123        0.0000000000        0.0000000000        0.0000000000        0.0000000000        0.0000000000        0.0000000000
    0.598468        0.0000000000        0.0000000000        0.0000000000        0.0000000000        0.0000000000        0.0000000000
    0.600813        0.0000000000        0.0000000000        0.0000000000        0.0000000000        0.0000000000        0.0000000000
    0.603158        0.0000000000        0.0000000000        0.0000000000        0.0000000000        0.0000000000        0.0000000000
    0.605503        0.0000000000        0.0000000000        0.0000000000        0.0000000000        0.0000000000        0.0000000000
    0.607848        0.0000000000        0.0000000000        0.0000000000        0.0000000000        0.0000000000        0.0000000000
    0.610193        0.0000000000        0.0000000000        0.0000000000        0.0000000000        0.0000000000        0.0000000000
    0.612538        0.0000000000        0.0000000000        0.0000000000        0.0000000000        0.0000000000        0.0000000000
    0.614883        0.0000000000        0.0000000000        0.0000000000        0.0000000000        0.0000000000        0.0000000000
    0.617228        0.0000000000        0.0000000000        0.0000000000        0.0000000000        0.0000000000        0.0000000000
    0.619573        0.0000000000        0.0000000000        0.0000000000        0.0000000000        0.0000000000        0.0000000000
    0.621918        0.0000000000        0.0000000000        0.0000000000        0.0000000000        0.0000000000        0.0000000000
    0.624263        0.0000000000        0.0000000000        0.0000000000        0.0000000000        0.0000000000        0.0000000000
    0.626608        0.0000000000        0.0000000000        0.0000000000        0.0000000000        0.0000000000        0.0000000000
    0.628953        0.0000000000        0.0000000000        0.0000000000        0.0000000000        0.0000000000        0.0000000000
    0.631298        0.0000000000        0.0000000000        0.0000000000        0.0000000000        0.0000000000        0.0000000000
    0.633643        0.0000000000        0.0000000000        0.0000000000        0.0000000000        0.0000000000        0.0000000000
    0.635988        0.0000000000        0.0000000000        0.0000000000        0.0000000000        0.0000000000        0.0000000000
    0.638333        0.0000000000        0.0000000000        0.0000000000        0.0000000000        0.0000000000        0.0000000000
    0.640678        0.0000000000        0.0000000000        0.0000000000        0.0000000000        0.0000000000        0.0000000000
