 dummy1
 dummy2
 dummy3
 dummy4
 dummy5
   0        90         6
 
        0.0000000000        0.0000000000        0.0000000000
   1       -0.0000054946        0.0000000000
   2        0.0000109892        0.0000000000
   3        0.0000109892        0.0000000000
   4      896.5007922613        0.0000000000
   5     1559.8076477241        0.0000000000
   6     1559.8076477243        0.0000000000
 
        0.0114942529        0.0114942529        0.0000000000
   1        4.0029668791        0.0000000000
   2       38.8206902630        0.0000000000
   3       65.6997831242        0.0000000000
   4      896.2112156088        0.0000000000
   5     1559.0953284313        0.0000000000
   6     1560.4462643375        0.0000000000
 
        0.0229885057        0.0229885057        0.0000000000
   1        8.8050438905        0.0000000000
   2       77.7921040615        0.0000000000
   3      131.2014901508        0.0000000000
   4      895.3361131174        0.0000000000
   5     1556.9663395603        0.0000000000
   6     1562.3066279577        0.0000000000
 
        0.0344827586        0.0344827586        0.0000000000
   1       14.9819755404        0.0000000000
   2      117.0508456870        0.0000000000
   3      196.3042286807        0.0000000000
   4      893.8565296476        0.0000000000
   5     1553.4445519638        0.0000000000
   6     1565.2260862203        0.0000000000
 
        0.0459770115        0.0459770115        0.0000000000
   1       22.8515575527        0.0000000000
   2      156.7065765480        0.0000000000
   3      260.8018020390        0.0000000000
   4      891.7414195914        0.0000000000
   5     1548.5696316605        0.0000000000
   6     1568.9458158315        0.0000000000
 
        0.0574712644        0.0574712644        0.0000000000
   1       32.5534458535        0.0000000000
   2      196.8316003846        0.0000000000
   3      324.4808558894        0.0000000000
   4      888.9484819397        0.0000000000
   5     1542.3968673827        0.0000000000
   6     1573.1278167841        0.0000000000
 
        0.0689655172        0.0689655172        0.0000000000
   1       44.1259441178        0.0000000000
   2      237.4536497739        0.0000000000
   3      387.1199238407        0.0000000000
   4      885.4253571954        0.0000000000
   5     1534.9969376938        0.0000000000
   6     1577.3761677453        0.0000000000
 
        0.0804597701        0.0804597701        0.0000000000
   1       57.5503565850        0.0000000000
   2      278.5522784654        0.0000000000
   3      448.4895789897        0.0000000000
   4      881.1112064385        0.0000000000
   5     1526.4556198591        0.0000000000
   6     1581.2605485837        0.0000000000
 
        0.0919540230        0.0919540230        0.0000000000
   1       72.7726558161        0.0000000000
   2      320.0588834662        0.0000000000
   3      508.3538307368        0.0000000000
   4      875.9386891839        0.0000000000
   5     1516.8734343454        0.0000000000
   6     1584.3400687524        0.0000000000
 
        0.1034482759        0.1034482759        0.0000000000
   1       89.7136033403        0.0000000000
   2      361.8600637463        0.0000000000
   3      566.4728343544        0.0000000000
   4      869.8363478692        0.0000000000
   5     1506.3652042591        0.0000000000
   6     1586.1856984490        0.0000000000
 
        0.1149425287        0.1149425287        0.0000000000
   1      108.2735415926        0.0000000000
   2      403.8037968755        0.0000000000
   3      622.6069101729        0.0000000000
   4      862.7313934702        0.0000000000
   5     1495.0594876039        0.0000000000
   6     1586.3999902875        0.0000000000
 
        0.1264367816        0.1264367816        0.0000000000
   1      128.3348298372        0.0000000000
   2      445.7077818169        0.0000000000
   3      676.5218041182        0.0000000000
   4      854.5528700170        0.0000000000
   5     1483.0978122256        0.0000000000
   6     1584.6332121769        0.0000000000
 
        0.1379310345        0.1379310345        0.0000000000
   1      149.7633148214        0.0000000000
   2      487.3692382169        0.0000000000
   3      727.9950639463        0.0000000000
   4      845.2351571192        0.0000000000
   5     1470.6336104927        0.0000000000
   6     1580.5954201242        0.0000000000
 
        0.1494252874        0.1494252874        0.0000000000
   1      172.4095053086        0.0000000000
   2      528.5754448768        0.0000000000
   3      776.8233553420        0.0000000000
   4      834.7217505186        0.0000000000
   5     1457.8307172416        0.0000000000
   6     1574.0643463086        0.0000000000
 
        0.1609195402        0.1609195402        0.0000000000
   1      196.1097862936        0.0000000000
   2      569.1143181969        0.0000000000
   3      822.8304949557        0.0000000000
   4      822.9692424409        0.0000000000
   5     1444.8612678668        0.0000000000
   6     1564.8892538799        0.0000000000
 
        0.1724137931        0.1724137931        0.0000000000
   1      220.6878461991        0.0000000000
   2      608.7843558729        0.0000000000
   3      809.9514069435        0.0000000000
   4      865.8759248245        0.0000000000
   5     1431.9028259776        0.0000000000
   6     1552.9911252711        0.0000000000
 
        0.1839080460        0.1839080460        0.0000000000
   1      245.9564041420        0.0000000000
   2      647.4032886960        0.0000000000
   3      795.6632807333        0.0000000000
   4      905.8632809174        0.0000000000
   5     1419.1345996849        0.0000000000
   6     1538.3597252466        0.0000000000
 
        0.1954022988        0.1954022988        0.0000000000
   1      271.7192734303        0.0000000000
   2      684.8147850244        0.0000000000
   3      780.1251164635        0.0000000000
   4      942.7486004181        0.0000000000
   5     1406.7326949362        0.0000000000
   6     1521.0482372357        0.0000000000
 
        0.2068965517        0.2068965517        0.0000000000
   1      297.7737637018        0.0000000000
   2      720.8925295974        0.0000000000
   3      763.3860719052        0.0000000000
   4      976.5475518408        0.0000000000
   5     1394.8645254397        0.0000000000
   6     1501.1663373256        0.0000000000
 
        0.2183908046        0.2183908046        0.0000000000
   1      323.9133993864        0.0000000000
   2      745.5274823594        0.0000000000
   3      755.5409348037        0.0000000000
   4     1007.3408568385        0.0000000000
   5     1383.6827603118        0.0000000000
   6     1478.8727750348        0.0000000000
 
        0.2298850575        0.2298850575        0.0000000000
   1      349.9309127197        0.0000000000
   2      726.6655422622        0.0000000000
   3      788.6916013987        0.0000000000
   4     1035.2768347286        0.0000000000
   5     1373.3195159810        0.0000000000
   6     1454.3688195881        0.0000000000
 
        0.2413793103        0.2413793103        0.0000000000
   1      375.6214535996        0.0000000000
   2      706.9531917401        0.0000000000
   3      820.2943436622        0.0000000000
   4     1060.5698301132        0.0000000000
   5     1363.8818011443        0.0000000000
   6     1427.8943900611        0.0000000000
 
        0.2528735632        0.2528735632        0.0000000000
   1      400.7859453042        0.0000000000
   2      686.5809617847        0.0000000000
   3      850.3009516787        0.0000000000
   4     1083.4933330905        0.0000000000
   5     1355.4493480633        0.0000000000
   6     1399.7294910057        0.0000000000
 
        0.2643678161        0.2643678161        0.0000000000
   1      425.2345040882        0.0000000000
   2      665.7764763406        0.0000000000
   3      878.6385092103        0.0000000000
   4     1104.3670410721        0.0000000000
   5     1348.0757266643        0.0000000000
   6     1370.2050844696        0.0000000000
 
        0.2758620690        0.2758620690        0.0000000000
   1      448.7898317013        0.0000000000
   2      644.8022437857        0.0000000000
   3      905.1662858327        0.0000000000
   4     1123.5380201425        0.0000000000
   5     1339.7298054099        0.0000000000
   6     1341.7935988715        0.0000000000
 
        0.2873563218        0.2873563218        0.0000000000
   1      471.2904828525        0.0000000000
   2      623.9513051640        0.0000000000
   3      929.6046947468        0.0000000000
   4     1141.3573620575        0.0000000000
   5     1308.8492124840        0.0000000000
   6     1336.6192664037        0.0000000000
 
        0.2988505747        0.2988505747        0.0000000000
   1      492.5939045344        0.0000000000
   2      603.5402668848        0.0000000000
   3      951.4152808576        0.0000000000
   4     1158.1549120085        0.0000000000
   5     1278.3481970806        0.0000000000
   6     1332.5662767060        0.0000000000
 
        0.3103448276        0.3103448276        0.0000000000
   1      512.5791410000        0.0000000000
   2      583.8992749259        0.0000000000
   3      969.6018880977        0.0000000000
   4     1174.2152874913        0.0000000000
   5     1249.4458230195        0.0000000000
   6     1329.6474371997        0.0000000000
 
        0.3218390805        0.3218390805        0.0000000000
   1      531.1490972229        0.0000000000
   2      565.3586486285        0.0000000000
   3      982.4368975713        0.0000000000
   4     1189.7582448343        0.0000000000
   5     1224.0619127662        0.0000000000
   6     1327.8808857312        0.0000000000
 
        0.3333333333        0.3333333333        0.0000000000
   1      548.2322552155        0.0000000000
   2      548.2322552249        0.0000000000
   3      987.3530755455        0.0000000000
   4     1204.9255943760        0.0000000000
   5     1204.9255943847        0.0000000000
   6     1327.2889555096        0.0000000000
 
        0.3333333333        0.3333333333        0.0000000000
   1      548.2322552155        0.0000000000
   2      548.2322552249        0.0000000000
   3      987.3530755455        0.0000000000
   4     1204.9255943760        0.0000000000
   5     1204.9255943847        0.0000000000
   6     1327.2889555096        0.0000000000
 
        0.3218390805        0.3390804598        0.0000000000
   1      540.2882883604        0.0000000000
   2      556.2012069160        0.0000000000
   3      985.9759254651        0.0000000000
   4     1198.6083670098        0.0000000000
   5     1212.3947831252        0.0000000000
   6     1327.4359507956        0.0000000000
 
        0.3103448276        0.3448275862        0.0000000000
   1      532.7983164436        0.0000000000
   2      563.7837421770        0.0000000000
   3      981.7594883775        0.0000000000
   4     1194.7624765133        0.0000000000
   5     1219.7853610023        0.0000000000
   6     1327.8841203502        0.0000000000
 
        0.2988505747        0.3505747126        0.0000000000
   1      525.7882178022        0.0000000000
   2      570.9784691364        0.0000000000
   3      974.7170141644        0.0000000000
   4     1193.3895322120        0.0000000000
   5     1227.0919074294        0.0000000000
   6     1328.6345587283        0.0000000000
 
        0.2873563218        0.3563218391        0.0000000000
   1      519.2791612438        0.0000000000
   2      577.7856578194        0.0000000000
   3      965.0555318091        0.0000000000
   4     1194.2973537021        0.0000000000
   5     1234.3045351808        0.0000000000
   6     1329.6869684788        0.0000000000
 
        0.2758620690        0.3620689655        0.0000000000
   1      513.2870908330        0.0000000000
   2      584.2072044604        0.0000000000
   3      953.1155223713        0.0000000000
   4     1197.1608863844        0.0000000000
   5     1241.4094055439        0.0000000000
   6     1331.0391976245        0.0000000000
 
        0.2643678161        0.3678160920        0.0000000000
   1      507.8223027871        0.0000000000
   2      590.2465816608        0.0000000000
   3      939.2901676902        0.0000000000
   4     1201.6036065981        0.0000000000
   5     1248.3893721766        0.0000000000
   6     1332.6867287150        0.0000000000
 
        0.2528735632        0.3735632184        0.0000000000
   1      502.8891377972        0.0000000000
   2      595.9087741769        0.0000000000
   3      923.9624710847        0.0000000000
   4     1207.2611131401        0.0000000000
   5     1255.2247521336        0.0000000000
   6     1334.6221206026        0.0000000000
 
        0.2413793103        0.3793103448        0.0000000000
   1      498.4858084674        0.0000000000
   2      601.2002002663        0.0000000000
   3      907.4730064777        0.0000000000
   4     1213.8141401614        0.0000000000
   5     1261.8942127328        0.0000000000
   6     1336.8344124495        0.0000000000
 
        0.2298850575        0.3850574713        0.0000000000
   1      494.6043761481        0.0000000000
   2      606.1286186770        0.0000000000
   3      890.1117378276        0.0000000000
   4     1220.9975389286        0.0000000000
   5     1268.3757451661        0.0000000000
   6     1339.3085157940        0.0000000000
 
        0.2183908046        0.3908045977        0.0000000000
   1      491.2308845917        0.0000000000
   2      610.7030215380        0.0000000000
   3      872.1227270160        0.0000000000
   4     1228.5963969958        0.0000000000
   5     1274.6476702520        0.0000000000
   6     1342.0246446041        0.0000000000
 
        0.2068965517        0.3965517241        0.0000000000
   1      488.3456501418        0.0000000000
   2      614.9335136026        0.0000000000
   3      853.7135175600        0.0000000000
   4     1236.4374906199        0.0000000000
   5     1280.6895928766        0.0000000000
   6     1344.9578607795        0.0000000000
 
        0.1954022988        0.4022988506        0.0000000000
   1      485.9237002970        0.0000000000
   2      618.8311785079        0.0000000000
   3      835.0649010278        0.0000000000
   4     1244.3803421746        0.0000000000
   5     1286.4831991818        0.0000000000
   6     1348.0778338510        0.0000000000
 
        0.1839080460        0.4080459770        0.0000000000
   1      483.9353452079        0.0000000000
   2      622.4079329382        0.0000000000
   3      816.3393657675        0.0000000000
   4     1252.3095557333        0.0000000000
   5     1292.0127876693        0.0000000000
   6     1351.3489154833        0.0000000000
 
        0.1724137931        0.4137931034        0.0000000000
   1      482.3468606497        0.0000000000
   2      625.6763698186        0.0000000000
   3      797.6878172308        0.0000000000
   4     1260.1288069805        0.0000000000
   5     1297.2654530002        0.0000000000
   6     1354.7306009429        0.0000000000
 
        0.1609195402        0.4195402299        0.0000000000
   1      481.1212567619        0.0000000000
   2      628.6495919109        0.0000000000
   3      779.2546700502        0.0000000000
   4     1267.7563438606        0.0000000000
   5     1302.2308998093        0.0000000000
   6     1358.1783905261        0.0000000000
 
        0.1494252874        0.4252873563        0.0000000000
   1      480.2191046176        0.0000000000
   2      631.3410374342        0.0000000000
   3      761.1815500526        0.0000000000
   4     1275.1217061320        0.0000000000
   5     1306.9009387463        0.0000000000
   6     1361.6449886656        0.0000000000
 
        0.1379310345        0.4310344828        0.0000000000
   1      479.5993924858        0.0000000000
   2      633.7642995740        0.0000000000
   3      743.6098320185        0.0000000000
   4     1282.1633733892        0.0000000000
   5     1311.2687828312        0.0000000000
   6     1365.0817123871        0.0000000000
 
        0.1264367816        0.4367816092        0.0000000000
   1      479.2203852570        0.0000000000
   2      635.9329419824        0.0000000000
   3      726.6821796474        0.0000000000
   4     1288.8270999282        0.0000000000
   5     1315.3282955705        0.0000000000
   6     1368.4399474955        0.0000000000
 
        0.1149425287        0.4425287356        0.0000000000
   1      479.0404635096        0.0000000000
   2      637.8603125804        0.0000000000
   3      710.5431910815        0.0000000000
   4     1295.0647498824        0.0000000000
   5     1319.0733338590        0.0000000000
   6     1371.6724995395        0.0000000000
 
        0.1034482759        0.4482758621        0.0000000000
   1      479.0189226388        0.0000000000
   2      639.5593581598        0.0000000000
   3      695.3392032762        0.0000000000
   4     1300.8334935121        0.0000000000
   5     1322.4972869784        0.0000000000
   6     1374.7347287570        0.0000000000
 
        0.0919540230        0.4540229885        0.0000000000
   1      479.1167168364        0.0000000000
   2      641.0424424285        0.0000000000
   3      681.2172783042        0.0000000000
   4     1306.0952625658        0.0000000000
   5     1325.5928571565        0.0000000000
   6     1377.5854146240        0.0000000000
 
        0.0804597701        0.4597701149        0.0000000000
   1      479.2971370680        0.0000000000
   2      642.3211702359        0.0000000000
   3      668.3233878192        0.0000000000
   4     1310.8163902381        0.0000000000
   5     1328.3520759978        0.0000000000
   6     1380.1873474687        0.0000000000
 
        0.0689655172        0.4655172414        0.0000000000
   1      479.5264161930        0.0000000000
   2      643.4062207607        0.0000000000
   3      656.7998305716        0.0000000000
   4     1314.9673814120        0.0000000000
   5     1330.7665157454        0.0000000000
   6     1382.5076807367        0.0000000000
 
        0.0574712644        0.4712643678        0.0000000000
   1      479.7742577701        0.0000000000
   2      644.3071924146        0.0000000000
   3      646.7819623671        0.0000000000
   4     1318.5227734842        0.0000000000
   5     1332.8276369878        0.0000000000
   6     1384.5180956492        0.0000000000
 
        0.0459770115        0.4770114943        0.0000000000
   1      480.0142877517        0.0000000000
   2      638.3943848637        0.0000000000
   3      645.0324621262        0.0000000000
   4     1321.4610586659        0.0000000000
   5     1334.5272114967        0.0000000000
   6     1386.1948337666        0.0000000000
 
        0.0344827586        0.4827586207        0.0000000000
   1      480.2244301704        0.0000000000
   2      631.7468202311        0.0000000000
   3      645.5890615053        0.0000000000
   4     1323.7646463973        0.0000000000
   5     1335.8577648213        0.0000000000
   6     1387.5186478729        0.0000000000
 
        0.0229885057        0.4885057471        0.0000000000
   1      480.3872090742        0.0000000000
   2      626.9299776207        0.0000000000
   3      645.9825721479        0.0000000000
   4     1325.4198502382        0.0000000000
   5     1336.8129931802        0.0000000000
   6     1388.4747125065        0.0000000000
 
        0.0114942529        0.4942528736        0.0000000000
   1      480.4899794687        0.0000000000
   2      624.0117742720        0.0000000000
   3      646.2170420450        0.0000000000
   4     1326.4168879186        0.0000000000
   5     1337.3881198559        0.0000000000
   6     1389.0525256046        0.0000000000
 
       -0.0000000000        0.5000000000        0.0000000000
   1      480.5250899793        0.0000000000
   2      623.0342880162        0.0000000000
   3      646.2949246872        0.0000000000
   4     1326.7498865790        0.0000000000
   5     1337.5801660859        0.0000000000
   6     1389.2458237201        0.0000000000
 
        0.0000000000        0.5000000000        0.0000000000
   1      480.5250899793        0.0000000000
   2      623.0342880162        0.0000000000
   3      646.2949246872        0.0000000000
   4     1326.7498865790        0.0000000000
   5     1337.5801660859        0.0000000000
   6     1389.2458237201        0.0000000000
 
        0.0000000000        0.4827586207        0.0000000000
   1      476.2459563161        0.0000000000
   2      622.5663545229        0.0000000000
   3      649.8639705775        0.0000000000
   4     1303.1576887383        0.0000000000
   5     1359.9112775794        0.0000000000
   6     1389.5040188287        0.0000000000
 
        0.0000000000        0.4655172414        0.0000000000
   1      464.4134189822        0.0000000000
   2      621.1277268158        0.0000000000
   3      659.5758657556        0.0000000000
   4     1273.6637213735        0.0000000000
   5     1385.6071901984        0.0000000000
   6     1390.2949084312        0.0000000000
 
        0.0000000000        0.4482758621        0.0000000000
   1      447.1288673809        0.0000000000
   2      618.6176685892        0.0000000000
   3      673.3579554807        0.0000000000
   4     1242.7124208956        0.0000000000
   5     1391.6651404700        0.0000000000
   6     1410.1800981704        0.0000000000
 
        0.0000000000        0.4310344828        0.0000000000
   1      426.3004719369        0.0000000000
   2      614.8803546519        0.0000000000
   3      689.3495298050        0.0000000000
   4     1210.4032929816        0.0000000000
   5     1393.6851353206        0.0000000000
   6     1433.4615470922        0.0000000000
 
        0.0000000000        0.4137931034        0.0000000000
   1      403.2540215875        0.0000000000
   2      609.7215461038        0.0000000000
   3      706.2903362380        0.0000000000
   4     1176.7273911186        0.0000000000
   5     1396.4388921977        0.0000000000
   6     1455.3707541892        0.0000000000
 
        0.0000000000        0.3965517241        0.0000000000
   1      378.8533424085        0.0000000000
   2      602.9291930770        0.0000000000
   3      723.3992445815        0.0000000000
   4     1141.6558405114        0.0000000000
   5     1400.0113326113        0.0000000000
   6     1475.8324165072        0.0000000000
 
        0.0000000000        0.3793103448        0.0000000000
   1      353.6770793964        0.0000000000
   2      594.2955241496        0.0000000000
   3      740.1962775898        0.0000000000
   4     1105.1561066521        0.0000000000
   5     1404.4747672331        0.0000000000
   6     1494.7679583391        0.0000000000
 
        0.0000000000        0.3620689655        0.0000000000
   1      328.1378372658        0.0000000000
   2      583.6379822226        0.0000000000
   3      756.3820093861        0.0000000000
   4     1067.1988628369        0.0000000000
   5     1409.8763243809        0.0000000000
   6     1512.0969613898        0.0000000000
 
        0.0000000000        0.3448275862        0.0000000000
   1      302.5503781170        0.0000000000
   2      570.8165813069        0.0000000000
   3      771.7676359972        0.0000000000
   4     1027.7624162268        0.0000000000
   5     1416.2281172202        0.0000000000
   6     1527.7413897521        0.0000000000
 
        0.0000000000        0.3275862069        0.0000000000
   1      277.1691518134        0.0000000000
   2      555.7459009053        0.0000000000
   3      786.2354513582        0.0000000000
   4      986.8359604434        0.0000000000
   5     1423.5014876199        0.0000000000
   6     1541.6309124052        0.0000000000
 
        0.0000000000        0.3103448276        0.0000000000
   1      252.2088943341        0.0000000000
   2      538.4008847843        0.0000000000
   3      799.7160122718        0.0000000000
   4      944.4219199450        0.0000000000
   5     1431.6259194622        0.0000000000
   6     1553.7086491479        0.0000000000
 
        0.0000000000        0.2931034483        0.0000000000
   1      227.8559789891        0.0000000000
   2      518.8166341508        0.0000000000
   3      812.1743380910        0.0000000000
   4      900.5374386300        0.0000000000
   5     1440.4923647917        0.0000000000
   6     1563.9369154801        0.0000000000
 
        0.0000000000        0.2758620690        0.0000000000
   1      204.2746570688        0.0000000000
   2      497.0832211195        0.0000000000
   3      823.6010528244        0.0000000000
   4      855.2150341739        0.0000000000
   5     1449.9600172744        0.0000000000
   6     1572.3026205886        0.0000000000
 
        0.0000000000        0.2586206897        0.0000000000
   1      181.6104362290        0.0000000000
   2      473.3370201913        0.0000000000
   3      808.5024575341        0.0000000000
   4      834.0062798581        0.0000000000
   5     1459.8651746687        0.0000000000
   6     1578.8220082424        0.0000000000
 
        0.0000000000        0.2413793103        0.0000000000
   1      159.9918545559        0.0000000000
   2      447.7501311307        0.0000000000
   3      760.4618270109        0.0000000000
   4      843.4151029781        0.0000000000
   5     1470.0307958178        0.0000000000
   6     1583.5444559989        0.0000000000
 
        0.0000000000        0.2241379310        0.0000000000
   1      139.5313797050        0.0000000000
   2      420.5192411898        0.0000000000
   3      711.1681360187        0.0000000000
   4      851.8639455802        0.0000000000
   5     1480.2755956169        0.0000000000
   6     1586.5550735115        0.0000000000
 
        0.0000000000        0.2068965517        0.0000000000
   1      120.3258688987        0.0000000000
   2      391.8549009101        0.0000000000
   3      660.7072587254        0.0000000000
   4      859.3975164933        0.0000000000
   5     1490.4218936343        0.0000000000
   6     1587.9758698708        0.0000000000
 
        0.0000000000        0.1896551724        0.0000000000
   1      102.4568497392        0.0000000000
   2      361.9718053721        0.0000000000
   3      609.1735961962        0.0000000000
   4      866.0661385366        0.0000000000
   5     1500.3018100720        0.0000000000
   6     1587.9652957490        0.0000000000
 
        0.0000000000        0.1724137931        0.0000000000
   1       85.9907603686        0.0000000000
   2      331.0803690360        0.0000000000
   3      556.6675169666        0.0000000000
   4      871.9233719783        0.0000000000
   5     1509.7617071685        0.0000000000
   6     1586.7160120333        0.0000000000
 
        0.0000000000        0.1551724138        0.0000000000
   1       70.9791812806        0.0000000000
   2      299.3796882918        0.0000000000
   3      503.2927499140        0.0000000000
   4      877.0238990417        0.0000000000
   5     1518.6649782163        0.0000000000
   6     1584.4507965831        0.0000000000
 
        0.0000000000        0.1379310345        0.0000000000
   1       57.4589670220        0.0000000000
   2      267.0518926008        0.0000000000
   3      449.1538839085        0.0000000000
   4      881.4216633382        0.0000000000
   5     1526.8933993695        0.0000000000
   6     1581.4165787281        0.0000000000
 
        0.0000000000        0.1206896552        0.0000000000
   1       45.4520014494        0.0000000000
   2      234.2578639648        0.0000000000
   3      394.3541180887        0.0000000000
   4      885.1682687075        0.0000000000
   5     1534.3473066873        0.0000000000
   6     1577.8766900280        0.0000000000
 
        0.0000000000        0.1034482759        0.0000000000
   1       34.9639813006        0.0000000000
   2      201.1343219617        0.0000000000
   3      338.9933888450        0.0000000000
   4      888.3116412811        0.0000000000
   5     1540.9448689928        0.0000000000
   6     1574.1015398096        0.0000000000
 
        0.0000000000        0.0862068966        0.0000000000
   1       25.9810439053        0.0000000000
   2      167.7922979574        0.0000000000
   3      283.1669749353        0.0000000000
   4      890.8949510573        0.0000000000
   5     1546.6207165641        0.0000000000
   6     1570.3580607161        0.0000000000
 
        0.0000000000        0.0689655172        0.0000000000
   1       18.4619857969        0.0000000000
   2      134.3170347495        0.0000000000
   3      226.9646510768        0.0000000000
   4      892.9557785359        0.0000000000
   5     1551.3241686904        0.0000000000
   6     1566.8984124542        0.0000000000
 
        0.0000000000        0.0517241379        0.0000000000
   1       12.3221814741        0.0000000000
   2      100.7693325951        0.0000000000
   3      170.4704237772        0.0000000000
   4      894.5255011339        0.0000000000
   5     1555.0172848868        0.0000000000
   6     1563.9485639880        0.0000000000
 
        0.0000000000        0.0344827586        0.0000000000
   1        7.4042895702        0.0000000000
   2       67.1883139360        0.0000000000
   3      113.7628426855        0.0000000000
   4      895.6288657259        0.0000000000
   5     1557.6729453549        0.0000000000
   6     1561.6974731838        0.0000000000
 
        0.0000000000        0.0172413793        0.0000000000
   1        3.4362427656        0.0000000000
   2       33.5955005726        0.0000000000
   3       56.9158387332        0.0000000000
   4      896.2837094967        0.0000000000
   5     1559.2731438492        0.0000000000
   6     1560.2876242869        0.0000000000
 
        0.0000000000        0.0000000000        0.0000000000
   1       -0.0000054946        0.0000000000
   2        0.0000109892        0.0000000000
   3        0.0000109892        0.0000000000
   4      896.5007922613        0.0000000000
   5     1559.8076477241        0.0000000000
   6     1559.8076477243        0.0000000000
 
