        90
        0.0000000000        0.0000000000        0.0000000000
        0.0114942529        0.0114942529        0.0000000000
        0.0229885057        0.0229885057        0.0000000000
        0.0344827586        0.0344827586        0.0000000000
        0.0459770115        0.0459770115        0.0000000000
        0.0574712644        0.0574712644        0.0000000000
        0.0689655172        0.0689655172        0.0000000000
        0.0804597701        0.0804597701        0.0000000000
        0.0919540230        0.0919540230        0.0000000000
        0.1034482759        0.1034482759        0.0000000000
        0.1149425287        0.1149425287        0.0000000000
        0.1264367816        0.1264367816        0.0000000000
        0.1379310345        0.1379310345        0.0000000000
        0.1494252874        0.1494252874        0.0000000000
        0.1609195402        0.1609195402        0.0000000000
        0.1724137931        0.1724137931        0.0000000000
        0.1839080460        0.1839080460        0.0000000000
        0.1954022988        0.1954022988        0.0000000000
        0.2068965517        0.2068965517        0.0000000000
        0.2183908046        0.2183908046        0.0000000000
        0.2298850575        0.2298850575        0.0000000000
        0.2413793103        0.2413793103        0.0000000000
        0.2528735632        0.2528735632        0.0000000000
        0.2643678161        0.2643678161        0.0000000000
        0.2758620690        0.2758620690        0.0000000000
        0.2873563218        0.2873563218        0.0000000000
        0.2988505747        0.2988505747        0.0000000000
        0.3103448276        0.3103448276        0.0000000000
        0.3218390805        0.3218390805        0.0000000000
        0.3333333333        0.3333333333        0.0000000000
        0.3333333333        0.3333333333        0.0000000000
        0.3218390805        0.3390804598        0.0000000000
        0.3103448276        0.3448275862        0.0000000000
        0.2988505747        0.3505747126        0.0000000000
        0.2873563218        0.3563218391        0.0000000000
        0.2758620690        0.3620689655        0.0000000000
        0.2643678161        0.3678160920        0.0000000000
        0.2528735632        0.3735632184        0.0000000000
        0.2413793103        0.3793103448        0.0000000000
        0.2298850575        0.3850574713        0.0000000000
        0.2183908046        0.3908045977        0.0000000000
        0.2068965517        0.3965517241        0.0000000000
        0.1954022988        0.4022988506        0.0000000000
        0.1839080460        0.4080459770        0.0000000000
        0.1724137931        0.4137931034        0.0000000000
        0.1609195402        0.4195402299        0.0000000000
        0.1494252874        0.4252873563        0.0000000000
        0.1379310345        0.4310344828        0.0000000000
        0.1264367816        0.4367816092        0.0000000000
        0.1149425287        0.4425287356        0.0000000000
        0.1034482759        0.4482758621        0.0000000000
        0.0919540230        0.4540229885        0.0000000000
        0.0804597701        0.4597701149        0.0000000000
        0.0689655172        0.4655172414        0.0000000000
        0.0574712644        0.4712643678        0.0000000000
        0.0459770115        0.4770114943        0.0000000000
        0.0344827586        0.4827586207        0.0000000000
        0.0229885057        0.4885057471        0.0000000000
        0.0114942529        0.4942528736        0.0000000000
       -0.0000000000        0.5000000000        0.0000000000
        0.0000000000        0.5000000000        0.0000000000
        0.0000000000        0.4827586207        0.0000000000
        0.0000000000        0.4655172414        0.0000000000
        0.0000000000        0.4482758621        0.0000000000
        0.0000000000        0.4310344828        0.0000000000
        0.0000000000        0.4137931034        0.0000000000
        0.0000000000        0.3965517241        0.0000000000
        0.0000000000        0.3793103448        0.0000000000
        0.0000000000        0.3620689655        0.0000000000
        0.0000000000        0.3448275862        0.0000000000
        0.0000000000        0.3275862069        0.0000000000
        0.0000000000        0.3103448276        0.0000000000
        0.0000000000        0.2931034483        0.0000000000
        0.0000000000        0.2758620690        0.0000000000
        0.0000000000        0.2586206897        0.0000000000
        0.0000000000        0.2413793103        0.0000000000
        0.0000000000        0.2241379310        0.0000000000
        0.0000000000        0.2068965517        0.0000000000
        0.0000000000        0.1896551724        0.0000000000
        0.0000000000        0.1724137931        0.0000000000
        0.0000000000        0.1551724138        0.0000000000
        0.0000000000        0.1379310345        0.0000000000
        0.0000000000        0.1206896552        0.0000000000
        0.0000000000        0.1034482759        0.0000000000
        0.0000000000        0.0862068966        0.0000000000
        0.0000000000        0.0689655172        0.0000000000
        0.0000000000        0.0517241379        0.0000000000
        0.0000000000        0.0344827586        0.0000000000
        0.0000000000        0.0172413793        0.0000000000
        0.0000000000        0.0000000000        0.0000000000
